   4.4170220e+00
   4.7503245e+00
   4.0601144e+00
   4.3923326e+00
   4.2667559e+00
   4.2423386e+00
   4.3662602e+00
   4.5555607e+00
   4.6367675e+00
   4.8088167e+00
   4.7191945e+00
   5.0152195e+00
   4.5644522e+00
   5.2681174e+00
   4.4473876e+00
   5.1204675e+00
   4.8973048e+00
   5.0686898e+00
   4.6803869e+00
   4.7681015e+00
   5.4007446e+00
   5.5982616e+00
   4.9734242e+00
   5.3823226e+00
   5.5963892e+00
   5.6446067e+00
   4.8650442e+00
   4.8490548e+00
   5.0098304e+00
   5.7481425e+00
   4.9983468e+00
   5.3511076e+00
   5.9178895e+00
   5.5231653e+00
   5.7118771e+00
   5.3655156e+00
   5.7665009e+00
   5.9446257e+00
   5.1582883e+00
   5.9201443e+00
   6.1888611e+00
   5.9781657e+00
   5.5404440e+00
   6.0792793e+00
   5.4232260e+00
   5.7978935e+00
   6.2885955e+00
   5.7036141e+00
   5.7277753e+00
   5.6000286e+00
   5.5193670e+00
   6.2088355e+00
   5.7716281e+00
   5.8555467e+00
   6.1115732e+00
   5.7033625e+00
   6.2541176e+00
   5.8567286e+00
   6.3293055e+00
   6.4697584e+00
   5.9023344e+00
   6.2440560e+00
   6.5544002e+00
   6.3041793e+00
   5.9699535e+00
   6.4858964e+00
   6.6437946e+00
   6.5248891e+00
   6.9845948e+00
   6.6565550e+00
   7.0034019e+00
   6.2674747e+00
   6.2992763e+00
   6.9973913e+00
   6.6176768e+00
   6.4153542e+00
   7.2075086e+00
   6.6577659e+00
   7.0908121e+00
   7.0959980e+00
   7.2833061e+00
   7.0536722e+00
   7.2109424e+00
   6.8388983e+00
   6.7899279e+00
   7.4458862e+00
   7.0080912e+00
   7.5748400e+00
   7.3034415e+00
   7.2916957e+00
   6.8147460e+00
   7.6794893e+00
   7.2099121e+00
   7.3683896e+00
   7.2281368e+00
   7.0870270e+00
   7.7833795e+00
   7.4836795e+00
   6.9428703e+00
   7.5871449e+00
